0 0.287245 0.524000 0.000000 0.000000
0 0.450510 0.576000 0.000000 0.000000
0 0.489626 0.590000 0.000000 0.000000
0 0.489626 0.590000 0.000000 0.000000
0 0.489626 0.590000 0.000000 0.000000
0 0.489626 0.590000 0.000000 0.000000
0 0.588265 0.496000 0.000000 0.000000
0 0.588265 0.496000 0.000000 0.000000
0 0.394388 0.288000 0.000000 0.000000
0 0.394388 0.288000 0.000000 0.000000
0 0.493027 0.234000 0.000000 0.000000
0 0.493027 0.234000 0.000000 0.000000
0 0.358673 0.293000 0.115646 0.098000
0 0.362075 0.596000 0.204082 0.272000